0 0.071429 0.289535 0.028571 0.048837
1 0.104286 0.288372 0.028571 0.041860
2 0.135000 0.288372 0.027143 0.046512
3 0.166429 0.290698 0.027143 0.051163
4 0.198571 0.291860 0.028571 0.048837
5 0.232143 0.290698 0.030000 0.051163
6 0.262143 0.290698 0.024286 0.046512
7 0.290000 0.289535 0.025714 0.048837
8 0.321429 0.290698 0.028571 0.046512
9 0.354286 0.290698 0.028571 0.046512
10 0.387143 0.289535 0.028571 0.053488
11 0.423571 0.289535 0.038571 0.048837
12 0.463571 0.295349 0.035714 0.060465
13 0.502143 0.295349 0.027143 0.060465
14 0.070714 0.366279 0.027143 0.062791
15 0.104286 0.369767 0.028571 0.065116
16 0.136429 0.360465 0.032857 0.051163
17 0.174286 0.362791 0.040000 0.051163
18 0.216429 0.361628 0.038571 0.053488
19 0.253571 0.360465 0.027143 0.051163
20 0.285714 0.360465 0.028571 0.046512
21 0.318571 0.361628 0.028571 0.048837
22 0.349286 0.362791 0.027143 0.051163
23 0.381429 0.361628 0.025714 0.048837
24 0.412857 0.361628 0.031429 0.053488
25 0.447143 0.361628 0.031429 0.048837
26 0.481429 0.356977 0.028571 0.058140
27 0.513571 0.360465 0.030000 0.051163
28 0.071429 0.431395 0.028571 0.053488
29 0.105714 0.433721 0.034286 0.053488
30 0.140714 0.429070 0.030000 0.072093
31 0.173571 0.434884 0.030000 0.051163
32 0.207143 0.434884 0.028571 0.055814
33 0.236429 0.431395 0.024286 0.048837
34 0.265714 0.433721 0.025714 0.053488
35 0.297143 0.433721 0.028571 0.053488
36 0.327143 0.433721 0.022857 0.058140
37 0.356429 0.433721 0.027143 0.048837
38 0.389286 0.433721 0.032857 0.053488
39 0.423571 0.433721 0.027143 0.053488
40 0.455714 0.436047 0.028571 0.053488
41 0.490714 0.430233 0.035714 0.065116
42 0.070000 0.504651 0.031429 0.055814
43 0.104286 0.503488 0.031429 0.048837
