0 0.100714 0.274419 0.027143 0.051163
1 0.130000 0.276744 0.022857 0.051163
2 0.159286 0.275581 0.024286 0.048837
3 0.190714 0.275581 0.024286 0.048837
4 0.223571 0.276744 0.027143 0.046512
5 0.255000 0.275581 0.027143 0.048837
6 0.285714 0.275581 0.022857 0.048837
7 0.315000 0.275581 0.027143 0.048837
8 0.345000 0.276744 0.024286 0.051163
9 0.375000 0.274419 0.027143 0.051163
10 0.406429 0.275581 0.027143 0.044186
11 0.443571 0.276744 0.035714 0.051163
12 0.485714 0.279070 0.034286 0.055814
13 0.522857 0.279070 0.031429 0.055814
14 0.102143 0.351163 0.027143 0.060465
15 0.131429 0.353488 0.025714 0.060465
16 0.164286 0.350000 0.025714 0.053488
17 0.201429 0.346512 0.037143 0.046512
18 0.244286 0.348837 0.037143 0.051163
19 0.281429 0.348837 0.025714 0.046512
20 0.312857 0.345349 0.025714 0.044186
21 0.345714 0.347674 0.025714 0.048837
22 0.376429 0.346512 0.024286 0.046512
23 0.405714 0.347674 0.025714 0.048837
24 0.437857 0.347674 0.027143 0.044186
25 0.469286 0.346512 0.027143 0.046512
26 0.500714 0.343023 0.024286 0.053488
27 0.532857 0.345349 0.031429 0.048837
28 0.102857 0.413953 0.025714 0.051163
29 0.135714 0.418605 0.028571 0.046512
30 0.170000 0.411628 0.028571 0.055814
31 0.202143 0.418605 0.027143 0.046512
32 0.233571 0.418605 0.027143 0.046512
33 0.265000 0.418605 0.027143 0.046512
34 0.295000 0.420930 0.024286 0.051163
35 0.324286 0.417442 0.022857 0.044186
36 0.352857 0.417442 0.022857 0.048837
37 0.384286 0.417442 0.028571 0.044186
38 0.417143 0.418605 0.028571 0.041860
39 0.448571 0.417442 0.025714 0.048837
40 0.480000 0.418605 0.025714 0.046512
41 0.513571 0.417442 0.030000 0.048837
42 0.100714 0.488372 0.027143 0.046512
43 0.130714 0.489535 0.027143 0.048837
