0 0.100714 0.304651 0.030000 0.046512
1 0.135000 0.304651 0.027143 0.046512
2 0.167857 0.305814 0.030000 0.048837
3 0.203571 0.305814 0.030000 0.048837
4 0.239286 0.304651 0.027143 0.046512
5 0.275714 0.306977 0.028571 0.051163
6 0.310714 0.305814 0.027143 0.048837
7 0.345000 0.303488 0.027143 0.048837
8 0.379286 0.305814 0.032857 0.044186
9 0.413571 0.304651 0.027143 0.046512
10 0.447857 0.305814 0.030000 0.048837
11 0.489286 0.303488 0.041429 0.048837
12 0.540000 0.308140 0.045714 0.053488
13 0.583571 0.311628 0.032857 0.060465
14 0.100000 0.381395 0.034286 0.060465
15 0.136429 0.382558 0.030000 0.067442
16 0.170714 0.375581 0.030000 0.048837
17 0.214286 0.374419 0.045714 0.051163
18 0.262857 0.374419 0.042857 0.051163
19 0.306429 0.375581 0.032857 0.048837
20 0.345000 0.374419 0.032857 0.051163
21 0.380000 0.375581 0.028571 0.048837
22 0.415000 0.375581 0.030000 0.048837
23 0.450000 0.374419 0.025714 0.046512
24 0.483571 0.375581 0.030000 0.053488
25 0.520000 0.372093 0.031429 0.046512
26 0.556429 0.372093 0.024286 0.060465
27 0.593571 0.375581 0.032857 0.048837
28 0.100000 0.443023 0.034286 0.053488
29 0.138571 0.444186 0.034286 0.051163
30 0.177857 0.439535 0.032857 0.065116
31 0.216429 0.441860 0.032857 0.046512
32 0.253571 0.444186 0.030000 0.051163
33 0.288571 0.445349 0.028571 0.048837
34 0.322857 0.445349 0.028571 0.053488
35 0.357143 0.444186 0.028571 0.046512
36 0.389286 0.443023 0.027143 0.048837
37 0.425000 0.445349 0.032857 0.053488
38 0.462143 0.445349 0.030000 0.053488
39 0.497857 0.446512 0.032857 0.051163
40 0.532857 0.445349 0.028571 0.048837
41 0.567857 0.438372 0.030000 0.058140
42 0.099286 0.511628 0.030000 0.055814
43 0.135714 0.510465 0.028571 0.058140
