0 0.085000 0.305814 0.030000 0.048837
1 0.112857 0.308140 0.022857 0.053488
2 0.139286 0.305814 0.024286 0.044186
3 0.167143 0.308140 0.025714 0.053488
4 0.195714 0.309302 0.025714 0.051163
5 0.222857 0.305814 0.025714 0.044186
6 0.250000 0.308140 0.022857 0.053488
7 0.276429 0.305814 0.024286 0.048837
8 0.303571 0.306977 0.027143 0.051163
9 0.332857 0.304651 0.025714 0.051163
10 0.360000 0.305814 0.022857 0.053488
11 0.392143 0.304651 0.032857 0.051163
12 0.428571 0.310465 0.031429 0.058140
13 0.460714 0.309302 0.024286 0.051163
14 0.082857 0.383721 0.031429 0.060465
15 0.114286 0.383721 0.028571 0.065116
16 0.141429 0.380233 0.025714 0.053488
17 0.175714 0.376744 0.034286 0.051163
18 0.213571 0.377907 0.035714 0.048837
19 0.245714 0.374419 0.025714 0.051163
20 0.272857 0.376744 0.025714 0.051163
21 0.300714 0.374419 0.024286 0.051163
22 0.328571 0.377907 0.025714 0.048837
23 0.355714 0.377907 0.022857 0.053488
24 0.381429 0.376744 0.022857 0.051163
25 0.408571 0.379070 0.025714 0.051163
26 0.437143 0.374419 0.022857 0.055814
27 0.465714 0.377907 0.025714 0.044186
28 0.086429 0.447674 0.030000 0.058140
29 0.117143 0.450000 0.028571 0.053488
30 0.149286 0.445349 0.027143 0.067442
31 0.177143 0.450000 0.022857 0.053488
32 0.204286 0.447674 0.022857 0.048837
33 0.230714 0.447674 0.027143 0.048837
34 0.257857 0.448837 0.021429 0.046512
35 0.285000 0.448837 0.024286 0.046512
36 0.312143 0.448837 0.024286 0.041860
37 0.340000 0.447674 0.022857 0.048837
38 0.367143 0.447674 0.025714 0.044186
39 0.394286 0.446512 0.022857 0.051163
40 0.420000 0.450000 0.022857 0.048837
41 0.450714 0.447674 0.030000 0.053488
42 0.082857 0.519767 0.028571 0.048837
43 0.112143 0.519767 0.027143 0.048837
