0 0.082143 0.296512 0.030000 0.044186
1 0.114286 0.296512 0.025714 0.044186
2 0.142857 0.297674 0.025714 0.041860
3 0.172143 0.300000 0.027143 0.046512
4 0.204286 0.296512 0.028571 0.044186
5 0.239286 0.296512 0.032857 0.044186
6 0.272143 0.295349 0.021429 0.041860
7 0.300000 0.297674 0.025714 0.046512
8 0.330714 0.298837 0.027143 0.044186
9 0.362857 0.298837 0.028571 0.048837
10 0.394286 0.297674 0.031429 0.046512
11 0.430000 0.298837 0.037143 0.048837
12 0.471429 0.303488 0.037143 0.058140
13 0.506429 0.308140 0.027143 0.062791
14 0.081429 0.377907 0.028571 0.062791
15 0.113571 0.375581 0.030000 0.058140
16 0.145714 0.369767 0.028571 0.046512
17 0.185000 0.369767 0.038571 0.046512
18 0.227143 0.369767 0.037143 0.051163
19 0.262143 0.368605 0.027143 0.048837
20 0.294286 0.368605 0.028571 0.044186
21 0.327857 0.368605 0.024286 0.048837
22 0.359286 0.369767 0.024286 0.046512
23 0.388571 0.368605 0.022857 0.044186
24 0.418571 0.369767 0.025714 0.046512
25 0.451429 0.369767 0.028571 0.046512
26 0.485000 0.363953 0.024286 0.053488
27 0.518571 0.367442 0.031429 0.041860
28 0.085000 0.436047 0.030000 0.048837
29 0.120000 0.439535 0.031429 0.046512
30 0.157143 0.436047 0.031429 0.058140
31 0.190714 0.441860 0.030000 0.041860
32 0.222143 0.443023 0.027143 0.048837
33 0.252857 0.441860 0.028571 0.046512
34 0.282143 0.440698 0.021429 0.044186
35 0.309286 0.440698 0.027143 0.044186
36 0.340000 0.441860 0.022857 0.046512
37 0.372143 0.440698 0.030000 0.048837
38 0.405714 0.439535 0.031429 0.046512
39 0.439286 0.441860 0.030000 0.051163
40 0.469286 0.440698 0.024286 0.053488
41 0.505000 0.438372 0.032857 0.058140
42 0.082857 0.509302 0.028571 0.051163
43 0.116429 0.509302 0.032857 0.046512
