0 0.083571 0.308140 0.035714 0.053488
1 0.120714 0.308140 0.032857 0.048837
2 0.157143 0.309302 0.034286 0.051163
3 0.195714 0.309302 0.034286 0.051163
4 0.235714 0.308140 0.034286 0.048837
5 0.275714 0.309302 0.034286 0.046512
6 0.313571 0.308140 0.032857 0.048837
7 0.348571 0.309302 0.028571 0.046512
8 0.383571 0.309302 0.032857 0.046512
9 0.422143 0.308140 0.032857 0.044186
10 0.460000 0.306977 0.034286 0.046512
11 0.505000 0.306977 0.047143 0.051163
12 0.557857 0.309302 0.047143 0.055814
13 0.602857 0.313953 0.034286 0.065116
14 0.082143 0.384884 0.035714 0.058140
15 0.120714 0.387209 0.032857 0.062791
16 0.157143 0.379070 0.034286 0.051163
17 0.205000 0.379070 0.050000 0.055814
18 0.259286 0.380233 0.047143 0.053488
19 0.303571 0.380233 0.030000 0.048837
20 0.342857 0.379070 0.034286 0.046512
21 0.382857 0.379070 0.034286 0.046512
22 0.420714 0.376744 0.032857 0.046512
23 0.460000 0.380233 0.031429 0.048837
24 0.495714 0.380233 0.031429 0.048837
25 0.535714 0.379070 0.034286 0.046512
26 0.575000 0.374419 0.027143 0.060465
27 0.615714 0.377907 0.037143 0.048837
28 0.085000 0.446512 0.038571 0.055814
29 0.125714 0.450000 0.040000 0.044186
30 0.168571 0.445349 0.034286 0.062791
31 0.209286 0.450000 0.035714 0.053488
32 0.249286 0.451163 0.035714 0.051163
33 0.287143 0.451163 0.031429 0.046512
34 0.323571 0.452326 0.032857 0.048837
35 0.358571 0.451163 0.028571 0.051163
36 0.392857 0.450000 0.031429 0.053488
37 0.431429 0.450000 0.034286 0.053488
38 0.470000 0.448837 0.037143 0.046512
39 0.507857 0.451163 0.032857 0.046512
40 0.545000 0.450000 0.032857 0.048837
41 0.585714 0.444186 0.040000 0.055814
42 0.080000 0.522093 0.034286 0.053488
43 0.117857 0.523256 0.030000 0.055814
