0 0.104286 0.322093 0.034286 0.044186
1 0.137857 0.323256 0.027143 0.046512
2 0.170000 0.323256 0.025714 0.041860
3 0.202143 0.323256 0.027143 0.051163
4 0.236429 0.322093 0.030000 0.048837
5 0.270714 0.323256 0.027143 0.046512
6 0.303571 0.323256 0.027143 0.046512
7 0.336429 0.324419 0.030000 0.048837
8 0.369286 0.324419 0.030000 0.048837
9 0.400000 0.323256 0.028571 0.046512
10 0.433571 0.324419 0.030000 0.044186
11 0.472857 0.324419 0.037143 0.048837
12 0.516429 0.325581 0.038571 0.051163
13 0.557857 0.329070 0.030000 0.053488
14 0.105714 0.391860 0.034286 0.053488
15 0.138571 0.395349 0.025714 0.060465
16 0.171429 0.388372 0.025714 0.046512
17 0.211429 0.387209 0.040000 0.044186
18 0.257143 0.388372 0.037143 0.046512
19 0.297143 0.389535 0.031429 0.044186
20 0.331429 0.387209 0.028571 0.048837
21 0.365000 0.387209 0.030000 0.039535
22 0.399286 0.388372 0.027143 0.046512
23 0.430000 0.388372 0.028571 0.046512
24 0.464286 0.387209 0.031429 0.044186
25 0.497143 0.387209 0.028571 0.044186
26 0.532143 0.383721 0.027143 0.051163
27 0.565000 0.387209 0.030000 0.048837
28 0.105000 0.448837 0.032857 0.055814
29 0.140714 0.454651 0.027143 0.044186
30 0.176429 0.448837 0.030000 0.055814
31 0.212143 0.452326 0.027143 0.048837
32 0.245714 0.452326 0.028571 0.044186
33 0.278571 0.451163 0.028571 0.046512
34 0.310714 0.453488 0.024286 0.041860
35 0.342857 0.453488 0.028571 0.051163
36 0.375000 0.452326 0.024286 0.053488
37 0.407857 0.452326 0.027143 0.053488
38 0.441429 0.452326 0.028571 0.048837
39 0.475714 0.452326 0.028571 0.044186
40 0.509286 0.452326 0.027143 0.044186
41 0.543571 0.448837 0.027143 0.060465
42 0.105714 0.516279 0.031429 0.051163
43 0.138571 0.516279 0.025714 0.046512
