0 0.072143 0.295349 0.032857 0.046512
1 0.106429 0.296512 0.024286 0.048837
2 0.140000 0.293023 0.028571 0.046512
3 0.177143 0.295349 0.028571 0.046512
4 0.216429 0.297674 0.030000 0.051163
5 0.256429 0.298837 0.035714 0.048837
6 0.294286 0.294186 0.025714 0.048837
7 0.327143 0.296512 0.025714 0.048837
8 0.362857 0.294186 0.031429 0.048837
9 0.400000 0.295349 0.028571 0.051163
10 0.435000 0.294186 0.027143 0.053488
11 0.475714 0.297674 0.040000 0.051163
12 0.519286 0.303488 0.032857 0.062791
13 0.561429 0.303488 0.031429 0.062791
14 0.070714 0.373256 0.027143 0.067442
15 0.107143 0.376744 0.028571 0.069767
16 0.146429 0.366279 0.035714 0.044186
17 0.191429 0.368605 0.037143 0.048837
18 0.238571 0.368605 0.040000 0.048837
19 0.280714 0.365116 0.027143 0.046512
20 0.318571 0.366279 0.028571 0.048837
21 0.356429 0.365116 0.030000 0.046512
22 0.395714 0.366279 0.031429 0.048837
23 0.432143 0.367442 0.027143 0.046512
24 0.471429 0.368605 0.034286 0.048837
25 0.510000 0.367442 0.031429 0.051163
26 0.550000 0.362791 0.028571 0.051163
27 0.586429 0.367442 0.027143 0.046512
28 0.071429 0.434884 0.028571 0.051163
29 0.108571 0.439535 0.034286 0.046512
30 0.150000 0.430233 0.028571 0.060465
31 0.187857 0.439535 0.030000 0.046512
32 0.225000 0.440698 0.030000 0.048837
33 0.260714 0.438372 0.030000 0.044186
34 0.296429 0.440698 0.027143 0.053488
35 0.331429 0.438372 0.028571 0.048837
36 0.366429 0.438372 0.024286 0.048837
37 0.402857 0.434884 0.031429 0.055814
38 0.442143 0.440698 0.032857 0.048837
39 0.481429 0.434884 0.031429 0.055814
40 0.519286 0.438372 0.030000 0.044186
41 0.559286 0.434884 0.032857 0.060465
42 0.070714 0.509302 0.027143 0.051163
43 0.105714 0.506977 0.034286 0.055814
