0 0.067857 0.269767 0.027143 0.046512
1 0.100000 0.270930 0.025714 0.044186
2 0.126429 0.269767 0.021429 0.046512
3 0.156429 0.268605 0.027143 0.044186
4 0.189286 0.269767 0.027143 0.046512
5 0.222857 0.270930 0.028571 0.044186
6 0.252857 0.270930 0.022857 0.048837
7 0.280714 0.270930 0.024286 0.044186
8 0.310000 0.270930 0.028571 0.048837
9 0.339286 0.269767 0.024286 0.051163
10 0.367143 0.269767 0.025714 0.046512
11 0.402857 0.270930 0.037143 0.048837
12 0.443571 0.275581 0.035714 0.058140
13 0.480714 0.276744 0.030000 0.055814
14 0.068571 0.347674 0.028571 0.058140
15 0.099286 0.348837 0.027143 0.060465
16 0.132857 0.343023 0.028571 0.048837
17 0.170000 0.341860 0.037143 0.046512
18 0.212143 0.343023 0.038571 0.044186
19 0.251429 0.343023 0.028571 0.044186
20 0.283571 0.340698 0.027143 0.044186
21 0.315000 0.343023 0.024286 0.048837
22 0.347857 0.340698 0.030000 0.044186
23 0.380000 0.344186 0.022857 0.051163
24 0.408571 0.341860 0.031429 0.046512
25 0.442857 0.340698 0.028571 0.044186
26 0.475714 0.337209 0.028571 0.055814
27 0.508571 0.341860 0.028571 0.051163
28 0.070714 0.408140 0.027143 0.053488
29 0.104286 0.412791 0.031429 0.048837
30 0.139286 0.405814 0.027143 0.058140
31 0.171429 0.412791 0.028571 0.048837
32 0.204286 0.413953 0.028571 0.051163
33 0.236429 0.412791 0.027143 0.044186
34 0.265714 0.413953 0.025714 0.046512
35 0.295000 0.415116 0.027143 0.048837
36 0.325000 0.415116 0.024286 0.048837
37 0.355000 0.412791 0.027143 0.053488
38 0.387857 0.412791 0.030000 0.044186
39 0.420000 0.411628 0.028571 0.051163
40 0.452143 0.412791 0.027143 0.048837
41 0.487143 0.410465 0.031429 0.053488
42 0.069286 0.483721 0.027143 0.051163
43 0.101429 0.483721 0.028571 0.055814
