0 0.084286 0.302326 0.034286 0.051163
1 0.118571 0.302326 0.025714 0.046512
2 0.150714 0.303488 0.030000 0.048837
3 0.185714 0.302326 0.028571 0.051163
4 0.220714 0.303488 0.030000 0.048837
5 0.255714 0.302326 0.031429 0.046512
6 0.290714 0.304651 0.024286 0.046512
7 0.322857 0.303488 0.028571 0.048837
8 0.355714 0.304651 0.028571 0.046512
9 0.391429 0.305814 0.031429 0.048837
10 0.425000 0.304651 0.027143 0.046512
11 0.466429 0.303488 0.044286 0.048837
12 0.514286 0.306977 0.042857 0.046512
13 0.556429 0.310465 0.032857 0.058140
14 0.085000 0.376744 0.032857 0.055814
15 0.119286 0.379070 0.027143 0.060465
16 0.154286 0.373256 0.028571 0.053488
17 0.195000 0.372093 0.041429 0.046512
18 0.242857 0.373256 0.040000 0.053488
19 0.285714 0.373256 0.031429 0.053488
20 0.321429 0.374419 0.031429 0.051163
21 0.357143 0.373256 0.028571 0.053488
22 0.392857 0.373256 0.031429 0.048837
23 0.425714 0.373256 0.028571 0.048837
24 0.459286 0.374419 0.030000 0.046512
25 0.495714 0.372093 0.031429 0.051163
26 0.530000 0.369767 0.025714 0.055814
27 0.565000 0.374419 0.030000 0.051163
28 0.084286 0.441860 0.031429 0.055814
29 0.121429 0.443023 0.034286 0.048837
30 0.160714 0.439535 0.032857 0.060465
31 0.198571 0.443023 0.031429 0.048837
32 0.233571 0.444186 0.030000 0.051163
33 0.268571 0.443023 0.028571 0.048837
34 0.301429 0.444186 0.028571 0.051163
35 0.334286 0.445349 0.025714 0.048837
36 0.366429 0.444186 0.027143 0.055814
37 0.400714 0.443023 0.027143 0.048837
38 0.436429 0.444186 0.030000 0.055814
39 0.471429 0.445349 0.028571 0.053488
40 0.506429 0.444186 0.030000 0.055814
41 0.544286 0.441860 0.031429 0.060465
42 0.082143 0.512791 0.032857 0.053488
43 0.117143 0.512791 0.028571 0.048837
