0 0.107273 0.114078 0.047273 0.063107
1 0.214545 0.111650 0.043636 0.058252
2 0.316364 0.118932 0.050909 0.053398
3 0.423636 0.114078 0.047273 0.053398
4 0.530909 0.109223 0.043636 0.053398
5 0.640000 0.109223 0.043636 0.063107
6 0.754545 0.106796 0.040000 0.058252
7 0.874545 0.109223 0.047273 0.053398
8 0.109091 0.237864 0.043636 0.058252
9 0.210909 0.228155 0.043636 0.087379
10 0.321818 0.225728 0.047273 0.072816
11 0.427273 0.235437 0.054545 0.053398
12 0.530909 0.245146 0.043636 0.072816
13 0.640000 0.245146 0.043636 0.082524
14 0.758182 0.250000 0.040000 0.082524
15 0.880000 0.245146 0.043636 0.082524
16 0.105455 0.390777 0.043636 0.053398
17 0.220000 0.393204 0.054545 0.058252
18 0.320000 0.390777 0.050909 0.053398
19 0.430909 0.390777 0.047273 0.053398
20 0.534545 0.385922 0.043636 0.053398
21 0.650909 0.376214 0.043636 0.053398
22 0.767273 0.381068 0.050909 0.063107
23 0.889091 0.381068 0.040000 0.053398
24 0.103636 0.553398 0.047273 0.048544
25 0.218182 0.546117 0.050909 0.053398
26 0.329091 0.529126 0.040000 0.087379
27 0.436364 0.541262 0.043636 0.043689
28 0.547273 0.516990 0.047273 0.092233
29 0.654545 0.529126 0.043636 0.048544
30 0.776364 0.514563 0.047273 0.067961
31 0.894545 0.524272 0.043636 0.048544
32 0.098182 0.708738 0.043636 0.058252
33 0.218182 0.701456 0.050909 0.053398
34 0.334545 0.694175 0.043636 0.058252
35 0.440000 0.696602 0.043636 0.053398
36 0.547273 0.686893 0.047273 0.053398
37 0.656364 0.679612 0.047273 0.067961
38 0.780000 0.672330 0.047273 0.053398
39 0.901818 0.660194 0.050909 0.067961
40 0.094545 0.861650 0.043636 0.063107
41 0.220000 0.832524 0.054545 0.092233
42 0.330909 0.854369 0.043636 0.058252
43 0.440000 0.851942 0.036364 0.063107
