0 0.098182 0.077670 0.043636 0.058252
1 0.220000 0.077670 0.040000 0.058252
2 0.360000 0.082524 0.043636 0.058252
3 0.474545 0.082524 0.047273 0.067961
4 0.592727 0.082524 0.050909 0.058252
5 0.718182 0.084951 0.047273 0.072816
6 0.818182 0.082524 0.043636 0.058252
7 0.918182 0.084951 0.047273 0.063107
8 0.092727 0.216019 0.047273 0.063107
9 0.227273 0.199029 0.047273 0.077670
10 0.361818 0.199029 0.047273 0.087379
11 0.480000 0.213592 0.043636 0.067961
12 0.594545 0.220874 0.047273 0.063107
13 0.714545 0.216019 0.040000 0.072816
14 0.823636 0.223301 0.040000 0.077670
15 0.929091 0.228155 0.047273 0.087379
16 0.090909 0.376214 0.043636 0.063107
17 0.225455 0.378641 0.058182 0.058252
18 0.361818 0.373786 0.054545 0.058252
19 0.476364 0.373786 0.043636 0.048544
20 0.600000 0.376214 0.050909 0.053398
21 0.714545 0.371359 0.040000 0.053398
22 0.827273 0.371359 0.047273 0.053398
23 0.932727 0.371359 0.047273 0.063107
24 0.076364 0.538835 0.043636 0.058252
25 0.218182 0.538835 0.043636 0.067961
26 0.365455 0.529126 0.040000 0.067961
27 0.483636 0.533981 0.043636 0.058252
28 0.600000 0.514563 0.043636 0.067961
29 0.720000 0.521845 0.043636 0.053398
30 0.827273 0.509709 0.047273 0.077670
31 0.940000 0.524272 0.047273 0.067961
32 0.067273 0.696602 0.040000 0.063107
33 0.212727 0.701456 0.047273 0.063107
34 0.365455 0.691748 0.040000 0.072816
35 0.485455 0.689320 0.047273 0.067961
36 0.607273 0.686893 0.036364 0.063107
37 0.725455 0.669903 0.047273 0.077670
38 0.838182 0.677184 0.047273 0.063107
39 0.943636 0.672330 0.047273 0.063107
40 0.069091 0.854369 0.043636 0.058252
41 0.218182 0.839806 0.043636 0.077670
42 0.365455 0.849515 0.040000 0.058252
43 0.498182 0.837379 0.043636 0.053398
