0 0.109091 0.111650 0.036364 0.058252
1 0.247273 0.109223 0.036364 0.063107
2 0.372727 0.116505 0.040000 0.058252
3 0.480000 0.116505 0.036364 0.058252
4 0.587273 0.118932 0.040000 0.043689
5 0.690909 0.121359 0.043636 0.058252
6 0.787273 0.123786 0.032727 0.053398
7 0.878182 0.128641 0.032727 0.063107
8 0.103636 0.245146 0.040000 0.053398
9 0.245455 0.235437 0.040000 0.063107
10 0.374545 0.242718 0.050909 0.067961
11 0.483636 0.252427 0.050909 0.067961
12 0.592727 0.264563 0.050909 0.082524
13 0.690909 0.266990 0.043636 0.067961
14 0.794545 0.271845 0.047273 0.067961
15 0.894545 0.264563 0.036364 0.082524
16 0.110909 0.407767 0.047273 0.058252
17 0.247273 0.402913 0.050909 0.058252
18 0.381818 0.407767 0.050909 0.058252
19 0.490909 0.407767 0.036364 0.058252
20 0.598182 0.407767 0.040000 0.058252
21 0.690909 0.405340 0.036364 0.053398
22 0.796364 0.415049 0.043636 0.063107
23 0.907273 0.407767 0.032727 0.067961
24 0.107273 0.555825 0.040000 0.063107
25 0.250909 0.560680 0.050909 0.063107
26 0.385455 0.548544 0.043636 0.067961
27 0.489091 0.548544 0.040000 0.048544
28 0.603636 0.543689 0.043636 0.067961
29 0.703636 0.548544 0.040000 0.058252
30 0.805455 0.541262 0.047273 0.063107
31 0.910909 0.553398 0.040000 0.058252
32 0.107273 0.699029 0.040000 0.058252
33 0.247273 0.691748 0.043636 0.053398
34 0.387273 0.686893 0.047273 0.063107
35 0.496364 0.689320 0.040000 0.067961
36 0.612727 0.684466 0.032727 0.058252
37 0.714545 0.669903 0.040000 0.067961
38 0.814545 0.677184 0.043636 0.053398
39 0.918182 0.679612 0.040000 0.067961
40 0.100000 0.839806 0.040000 0.058252
41 0.245455 0.827670 0.040000 0.072816
42 0.380000 0.834951 0.040000 0.067961
43 0.494545 0.834951 0.043636 0.067961
