0 0.070909 0.101942 0.047273 0.058252
1 0.187273 0.101942 0.032727 0.058252
2 0.312727 0.099515 0.043636 0.053398
3 0.420000 0.106796 0.040000 0.048544
4 0.510909 0.106796 0.040000 0.048544
5 0.620000 0.111650 0.047273 0.058252
6 0.723636 0.109223 0.036364 0.063107
7 0.832727 0.106796 0.043636 0.058252
8 0.074545 0.230583 0.047273 0.063107
9 0.194545 0.228155 0.040000 0.067961
10 0.325455 0.228155 0.054545 0.077670
11 0.436364 0.235437 0.058182 0.053398
12 0.543636 0.247573 0.054545 0.077670
13 0.645455 0.242718 0.047273 0.067961
14 0.750909 0.254854 0.040000 0.082524
15 0.858182 0.257282 0.050909 0.087379
16 0.078182 0.378641 0.054545 0.067961
17 0.210909 0.378641 0.058182 0.058252
18 0.330909 0.383495 0.050909 0.058252
19 0.443636 0.378641 0.043636 0.048544
20 0.552727 0.383495 0.050909 0.058252
21 0.656364 0.381068 0.047273 0.053398
22 0.770909 0.388350 0.058182 0.058252
23 0.878182 0.381068 0.040000 0.053398
24 0.076364 0.538835 0.050909 0.058252
25 0.207273 0.541262 0.050909 0.053398
26 0.330909 0.519417 0.043636 0.087379
27 0.450909 0.531553 0.036364 0.053398
28 0.563636 0.516990 0.043636 0.072816
29 0.670909 0.521845 0.040000 0.063107
30 0.772727 0.507282 0.047273 0.092233
31 0.887273 0.519417 0.043636 0.048544
32 0.065455 0.679612 0.043636 0.058252
33 0.190909 0.674757 0.040000 0.067961
34 0.343636 0.669903 0.040000 0.067961
35 0.450909 0.672330 0.036364 0.053398
36 0.569091 0.657767 0.040000 0.053398
37 0.681818 0.650485 0.040000 0.087379
38 0.778182 0.655340 0.050909 0.058252
39 0.885455 0.638350 0.047273 0.092233
40 0.060000 0.837379 0.047273 0.063107
41 0.183636 0.820388 0.047273 0.087379
42 0.327273 0.832524 0.050909 0.072816
43 0.443636 0.830097 0.036364 0.067961
