0 0.092727 0.109223 0.047273 0.063107
1 0.225455 0.106796 0.043636 0.058252
2 0.350909 0.111650 0.047273 0.058252
3 0.452727 0.116505 0.047273 0.058252
4 0.574545 0.121359 0.043636 0.058252
5 0.701818 0.114078 0.050909 0.053398
6 0.803636 0.118932 0.036364 0.053398
7 0.887273 0.121359 0.043636 0.058252
8 0.081818 0.254854 0.040000 0.063107
9 0.209091 0.240291 0.054545 0.092233
10 0.345455 0.245146 0.050909 0.082524
11 0.456364 0.254854 0.047273 0.063107
12 0.576364 0.259709 0.054545 0.082524
13 0.687273 0.274272 0.043636 0.082524
14 0.794545 0.286408 0.047273 0.077670
15 0.885455 0.279126 0.047273 0.082524
16 0.080000 0.405340 0.050909 0.072816
17 0.209091 0.402913 0.054545 0.067961
18 0.338182 0.417476 0.050909 0.058252
19 0.452727 0.417476 0.040000 0.058252
20 0.580000 0.415049 0.047273 0.053398
21 0.700000 0.412621 0.047273 0.048544
22 0.803636 0.415049 0.043636 0.063107
23 0.890909 0.422330 0.043636 0.067961
24 0.069091 0.541262 0.050909 0.072816
25 0.207273 0.546117 0.050909 0.063107
26 0.334545 0.531553 0.043636 0.082524
27 0.461818 0.546117 0.050909 0.063107
28 0.580000 0.536408 0.040000 0.072816
29 0.710909 0.541262 0.047273 0.053398
30 0.818182 0.526699 0.050909 0.082524
31 0.914545 0.553398 0.047273 0.058252
32 0.061818 0.679612 0.043636 0.058252
33 0.200000 0.682039 0.043636 0.053398
34 0.341818 0.679612 0.050909 0.058252
35 0.463636 0.679612 0.054545 0.058252
36 0.580000 0.679612 0.047273 0.058252
37 0.712727 0.662621 0.050909 0.092233
38 0.827273 0.674757 0.054545 0.058252
39 0.921818 0.665049 0.047273 0.077670
40 0.054545 0.844660 0.036364 0.067961
41 0.194545 0.820388 0.054545 0.087379
42 0.330909 0.837379 0.050909 0.053398
43 0.454545 0.837379 0.036364 0.072816
