0 0.118182 0.092233 0.047273 0.058252
1 0.241818 0.087379 0.040000 0.058252
2 0.358182 0.089806 0.054545 0.053398
3 0.478182 0.084951 0.047273 0.053398
4 0.596364 0.089806 0.050909 0.053398
5 0.716364 0.089806 0.050909 0.053398
6 0.810909 0.089806 0.036364 0.053398
7 0.907273 0.092233 0.040000 0.058252
8 0.107273 0.218447 0.047273 0.058252
9 0.236364 0.196602 0.043636 0.072816
10 0.367273 0.201456 0.043636 0.072816
11 0.481818 0.213592 0.047273 0.058252
12 0.594545 0.218447 0.047273 0.067961
13 0.716364 0.220874 0.043636 0.072816
14 0.823636 0.225728 0.040000 0.072816
15 0.925455 0.218447 0.047273 0.077670
16 0.105455 0.368932 0.050909 0.067961
17 0.240000 0.366505 0.058182 0.063107
18 0.369091 0.361650 0.054545 0.053398
19 0.487273 0.361650 0.036364 0.053398
20 0.596364 0.354369 0.043636 0.058252
21 0.721818 0.354369 0.047273 0.048544
22 0.834545 0.356796 0.047273 0.053398
23 0.925455 0.361650 0.040000 0.072816
24 0.100000 0.516990 0.047273 0.063107
25 0.245455 0.504854 0.047273 0.058252
26 0.370909 0.485437 0.050909 0.087379
27 0.494545 0.492718 0.043636 0.053398
28 0.601818 0.487864 0.040000 0.072816
29 0.725455 0.497573 0.040000 0.063107
30 0.832727 0.480583 0.043636 0.077670
31 0.930909 0.500000 0.036364 0.058252
32 0.096364 0.650485 0.040000 0.058252
33 0.240000 0.648058 0.043636 0.063107
34 0.383636 0.645631 0.040000 0.058252
35 0.494545 0.645631 0.043636 0.058252
36 0.607273 0.638350 0.036364 0.053398
37 0.725455 0.623786 0.040000 0.063107
38 0.836364 0.628641 0.050909 0.053398
39 0.934545 0.626214 0.058182 0.067961
40 0.087273 0.810680 0.043636 0.058252
41 0.243636 0.793689 0.050909 0.072816
42 0.380000 0.813107 0.040000 0.053398
43 0.496364 0.805825 0.040000 0.077670
