0 0.085455 0.104369 0.047273 0.063107
1 0.194545 0.104369 0.047273 0.063107
2 0.309091 0.094660 0.050909 0.053398
3 0.434545 0.094660 0.040000 0.053398
4 0.545455 0.094660 0.043636 0.053398
5 0.665455 0.092233 0.050909 0.058252
6 0.780000 0.097087 0.032727 0.058252
7 0.892727 0.097087 0.040000 0.067961
8 0.080000 0.240291 0.050909 0.053398
9 0.198182 0.230583 0.040000 0.072816
10 0.323636 0.225728 0.043636 0.063107
11 0.441818 0.235437 0.047273 0.053398
12 0.554545 0.237864 0.047273 0.067961
13 0.674545 0.235437 0.040000 0.072816
14 0.781818 0.242718 0.043636 0.087379
15 0.909091 0.235437 0.050909 0.082524
16 0.072727 0.385922 0.050909 0.063107
17 0.207273 0.383495 0.058182 0.067961
18 0.329091 0.371359 0.047273 0.063107
19 0.449091 0.368932 0.047273 0.067961
20 0.563636 0.371359 0.043636 0.053398
21 0.678182 0.366505 0.047273 0.063107
22 0.787273 0.359223 0.040000 0.048544
23 0.912727 0.361650 0.036364 0.063107
24 0.061818 0.541262 0.043636 0.063107
25 0.203636 0.531553 0.050909 0.053398
26 0.345455 0.514563 0.043636 0.067961
27 0.467273 0.519417 0.047273 0.058252
28 0.578182 0.507282 0.043636 0.082524
29 0.690909 0.504854 0.043636 0.058252
30 0.800000 0.490291 0.043636 0.067961
31 0.921818 0.497573 0.047273 0.053398
32 0.054545 0.679612 0.043636 0.067961
33 0.190909 0.669903 0.047273 0.058252
34 0.341818 0.660194 0.043636 0.058252
35 0.470909 0.652913 0.047273 0.063107
36 0.583636 0.643204 0.040000 0.063107
37 0.689091 0.618932 0.040000 0.092233
38 0.810909 0.631068 0.043636 0.067961
39 0.936364 0.621359 0.047273 0.087379
40 0.043636 0.837379 0.050909 0.063107
41 0.189091 0.820388 0.043636 0.087379
42 0.341818 0.830097 0.050909 0.058252
43 0.478182 0.815534 0.047273 0.077670
