0 0.083636 0.111650 0.050909 0.058252
1 0.201818 0.109223 0.040000 0.063107
2 0.320000 0.104369 0.050909 0.072816
3 0.434545 0.097087 0.040000 0.058252
4 0.538182 0.099515 0.043636 0.063107
5 0.670909 0.099515 0.054545 0.063107
6 0.790909 0.089806 0.040000 0.053398
7 0.920000 0.089806 0.036364 0.063107
8 0.083636 0.271845 0.043636 0.058252
9 0.200000 0.259709 0.043636 0.072816
10 0.327273 0.250000 0.050909 0.082524
11 0.447273 0.266990 0.050909 0.058252
12 0.554545 0.279126 0.047273 0.072816
13 0.678182 0.274272 0.040000 0.063107
14 0.801818 0.276699 0.040000 0.077670
15 0.934545 0.269417 0.043636 0.072816
16 0.080000 0.419903 0.050909 0.063107
17 0.210909 0.415049 0.050909 0.053398
18 0.336364 0.410194 0.040000 0.053398
19 0.449091 0.412621 0.040000 0.048544
20 0.561818 0.415049 0.047273 0.053398
21 0.680000 0.415049 0.043636 0.053398
22 0.805455 0.412621 0.040000 0.058252
23 0.930909 0.410194 0.043636 0.072816
24 0.074545 0.565534 0.047273 0.053398
25 0.212727 0.565534 0.040000 0.053398
26 0.340000 0.548544 0.047273 0.077670
27 0.460000 0.563107 0.040000 0.058252
28 0.569091 0.550971 0.040000 0.063107
29 0.683636 0.550971 0.050909 0.053398
30 0.803636 0.543689 0.043636 0.067961
31 0.930909 0.553398 0.050909 0.048544
32 0.076364 0.713592 0.043636 0.058252
33 0.209091 0.706311 0.040000 0.063107
34 0.341818 0.703883 0.043636 0.058252
35 0.467273 0.711165 0.040000 0.063107
36 0.580000 0.703883 0.040000 0.058252
37 0.685455 0.691748 0.040000 0.072816
38 0.803636 0.703883 0.050909 0.048544
39 0.927273 0.699029 0.043636 0.067961
40 0.070909 0.839806 0.032727 0.048544
41 0.205455 0.839806 0.047273 0.058252
42 0.340000 0.842233 0.040000 0.053398
43 0.470909 0.847087 0.032727 0.072816
