0 0.116364 0.123786 0.043636 0.072816
1 0.225455 0.128641 0.050909 0.063107
2 0.336364 0.114078 0.054545 0.063107
3 0.443636 0.116505 0.050909 0.058252
4 0.561818 0.116505 0.047273 0.067961
5 0.654545 0.060680 0.058182 0.072816
6 0.787273 0.114078 0.047273 0.072816
7 0.887273 0.116505 0.043636 0.067961
8 0.110909 0.276699 0.061818 0.067961
9 0.223636 0.262136 0.054545 0.077670
10 0.340000 0.257282 0.047273 0.077670
11 0.449091 0.274272 0.054545 0.063107
12 0.563636 0.286408 0.058182 0.067961
13 0.660000 0.283981 0.054545 0.092233
14 0.780000 0.288835 0.047273 0.092233
15 0.889091 0.286408 0.047273 0.097087
16 0.112727 0.412621 0.058182 0.067961
17 0.234545 0.415049 0.054545 0.072816
18 0.343636 0.419903 0.054545 0.063107
19 0.447273 0.415049 0.043636 0.063107
20 0.558182 0.410194 0.047273 0.072816
21 0.660000 0.412621 0.047273 0.067961
22 0.776364 0.412621 0.054545 0.058252
23 0.881818 0.417476 0.047273 0.067961
24 0.110909 0.553398 0.054545 0.067961
25 0.229091 0.553398 0.050909 0.067961
26 0.343636 0.543689 0.054545 0.077670
27 0.456364 0.553398 0.047273 0.058252
28 0.561818 0.548544 0.054545 0.077670
29 0.667273 0.546117 0.047273 0.063107
30 0.781818 0.533981 0.058182 0.077670
31 0.883636 0.560680 0.043636 0.063107
32 0.112727 0.669903 0.043636 0.067961
33 0.234545 0.677184 0.047273 0.072816
34 0.350909 0.672330 0.047273 0.063107
35 0.461818 0.682039 0.043636 0.072816
36 0.565455 0.679612 0.047273 0.058252
37 0.663636 0.674757 0.047273 0.077670
38 0.785455 0.691748 0.058182 0.063107
39 0.880000 0.686893 0.043636 0.082524
40 0.107273 0.800971 0.047273 0.077670
41 0.232727 0.796117 0.050909 0.077670
42 0.350909 0.815534 0.047273 0.067961
43 0.456364 0.815534 0.040000 0.067961
