0 0.081818 0.114078 0.047273 0.063107
1 0.185455 0.111650 0.043636 0.058252
2 0.300000 0.109223 0.047273 0.063107
3 0.409091 0.109223 0.047273 0.053398
4 0.536364 0.114078 0.047273 0.053398
5 0.669091 0.118932 0.050909 0.053398
6 0.783636 0.123786 0.040000 0.053398
7 0.894545 0.123786 0.043636 0.063107
8 0.076364 0.240291 0.043636 0.063107
9 0.185455 0.225728 0.043636 0.092233
10 0.300000 0.228155 0.047273 0.077670
11 0.414545 0.233010 0.058182 0.058252
12 0.550909 0.254854 0.054545 0.082524
13 0.672727 0.254854 0.043636 0.082524
14 0.790909 0.247573 0.054545 0.087379
15 0.905455 0.252427 0.043636 0.097087
16 0.076364 0.383495 0.058182 0.067961
17 0.192727 0.381068 0.058182 0.053398
18 0.301818 0.395631 0.050909 0.063107
19 0.420000 0.395631 0.047273 0.063107
20 0.554545 0.390777 0.047273 0.063107
21 0.680000 0.398058 0.043636 0.058252
22 0.805455 0.402913 0.054545 0.058252
23 0.918182 0.395631 0.047273 0.063107
24 0.067273 0.538835 0.047273 0.058252
25 0.189091 0.538835 0.050909 0.058252
26 0.303636 0.526699 0.040000 0.082524
27 0.425455 0.533981 0.043636 0.058252
28 0.558182 0.516990 0.040000 0.072816
29 0.685455 0.538835 0.054545 0.058252
30 0.809091 0.524272 0.047273 0.077670
31 0.929091 0.536408 0.047273 0.053398
32 0.061818 0.694175 0.043636 0.067961
33 0.185455 0.684466 0.036364 0.058252
34 0.309091 0.677184 0.036364 0.063107
35 0.425455 0.691748 0.043636 0.063107
36 0.565455 0.684466 0.040000 0.058252
37 0.692727 0.665049 0.047273 0.077670
38 0.818182 0.682039 0.043636 0.053398
39 0.932727 0.672330 0.040000 0.072816
40 0.049091 0.864078 0.040000 0.067961
41 0.185455 0.844660 0.050909 0.077670
42 0.310909 0.868932 0.040000 0.058252
43 0.427273 0.851942 0.047273 0.072816
