0 0.096364 0.128641 0.040000 0.053398
1 0.216364 0.121359 0.047273 0.058252
2 0.354545 0.123786 0.040000 0.053398
3 0.463636 0.123786 0.047273 0.053398
4 0.574545 0.118932 0.050909 0.063107
5 0.681818 0.116505 0.047273 0.058252
6 0.792727 0.109223 0.043636 0.063107
7 0.903636 0.111650 0.040000 0.058252
8 0.092727 0.276699 0.047273 0.067961
9 0.223636 0.271845 0.047273 0.077670
10 0.363636 0.271845 0.043636 0.067961
11 0.480000 0.274272 0.043636 0.053398
12 0.580000 0.281553 0.047273 0.077670
13 0.685455 0.281553 0.047273 0.067961
14 0.803636 0.279126 0.043636 0.072816
15 0.916364 0.276699 0.043636 0.077670
16 0.092727 0.441748 0.047273 0.058252
17 0.230909 0.441748 0.047273 0.058252
18 0.369091 0.436893 0.047273 0.058252
19 0.485455 0.441748 0.040000 0.058252
20 0.587273 0.434466 0.047273 0.053398
21 0.689091 0.434466 0.040000 0.053398
22 0.803636 0.427184 0.043636 0.058252
23 0.920000 0.427184 0.043636 0.067961
24 0.081818 0.601942 0.047273 0.058252
25 0.223636 0.609223 0.047273 0.053398
26 0.367273 0.592233 0.050909 0.067961
27 0.489091 0.594660 0.047273 0.053398
28 0.596364 0.577670 0.050909 0.067961
29 0.703636 0.584951 0.047273 0.063107
30 0.812727 0.563107 0.047273 0.077670
31 0.927273 0.572816 0.043636 0.058252
32 0.076364 0.759709 0.043636 0.063107
33 0.223636 0.754854 0.040000 0.063107
34 0.365455 0.742718 0.047273 0.067961
35 0.490909 0.752427 0.043636 0.058252
36 0.600000 0.742718 0.043636 0.058252
37 0.710909 0.733010 0.047273 0.087379
38 0.818182 0.728155 0.043636 0.058252
39 0.934545 0.723301 0.043636 0.077670
40 0.069091 0.900485 0.043636 0.053398
41 0.220000 0.893204 0.061818 0.087379
42 0.374545 0.912621 0.050909 0.067961
43 0.500000 0.905340 0.040000 0.063107
