0 0.123636 0.104369 0.058182 0.063107
1 0.260000 0.101942 0.047273 0.058252
2 0.381818 0.106796 0.043636 0.058252
3 0.490909 0.106796 0.043636 0.058252
4 0.600000 0.106796 0.043636 0.058252
5 0.705455 0.109223 0.050909 0.063107
6 0.812727 0.114078 0.040000 0.063107
7 0.901818 0.116505 0.036364 0.058252
8 0.118182 0.247573 0.054545 0.058252
9 0.258182 0.237864 0.043636 0.077670
10 0.383636 0.247573 0.047273 0.087379
11 0.498182 0.247573 0.050909 0.058252
12 0.618182 0.266990 0.050909 0.077670
13 0.718182 0.271845 0.040000 0.077670
14 0.812727 0.269417 0.047273 0.082524
15 0.905455 0.271845 0.058182 0.087379
16 0.109091 0.398058 0.058182 0.058252
17 0.250909 0.402913 0.050909 0.058252
18 0.385455 0.405340 0.050909 0.053398
19 0.500000 0.400485 0.040000 0.053398
20 0.623636 0.402913 0.040000 0.048544
21 0.727273 0.400485 0.050909 0.053398
22 0.818182 0.405340 0.043636 0.053398
23 0.920000 0.400485 0.043636 0.063107
24 0.100000 0.543689 0.047273 0.058252
25 0.243636 0.553398 0.050909 0.058252
26 0.389091 0.531553 0.050909 0.082524
27 0.510909 0.533981 0.040000 0.058252
28 0.634545 0.521845 0.040000 0.072816
29 0.738182 0.529126 0.050909 0.048544
30 0.832727 0.516990 0.050909 0.072816
31 0.938182 0.533981 0.043636 0.058252
32 0.087273 0.686893 0.043636 0.063107
33 0.241818 0.679612 0.047273 0.058252
34 0.394545 0.682039 0.047273 0.063107
35 0.518182 0.682039 0.047273 0.053398
36 0.640000 0.684466 0.043636 0.058252
37 0.740000 0.667476 0.047273 0.082524
38 0.841818 0.684466 0.040000 0.058252
39 0.943636 0.667476 0.054545 0.072816
40 0.085455 0.834951 0.047273 0.058252
41 0.234545 0.822816 0.047273 0.092233
42 0.389091 0.827670 0.043636 0.053398
43 0.521818 0.817961 0.040000 0.072816
