0 0.103636 0.116505 0.040000 0.048544
1 0.216364 0.118932 0.040000 0.053398
2 0.336364 0.118932 0.047273 0.063107
3 0.441818 0.116505 0.040000 0.058252
4 0.541818 0.114078 0.050909 0.053398
5 0.636364 0.114078 0.043636 0.053398
6 0.727273 0.116505 0.036364 0.058252
7 0.829091 0.114078 0.043636 0.053398
8 0.094545 0.247573 0.043636 0.058252
9 0.216364 0.240291 0.047273 0.092233
10 0.340000 0.237864 0.054545 0.087379
11 0.461818 0.242718 0.058182 0.058252
12 0.567273 0.252427 0.050909 0.087379
13 0.665455 0.250000 0.043636 0.072816
14 0.769091 0.250000 0.040000 0.082524
15 0.861818 0.250000 0.043636 0.092233
16 0.096364 0.400485 0.061818 0.082524
17 0.225455 0.400485 0.058182 0.063107
18 0.352727 0.402913 0.050909 0.058252
19 0.467273 0.398058 0.047273 0.058252
20 0.574545 0.388350 0.043636 0.058252
21 0.680000 0.398058 0.050909 0.058252
22 0.787273 0.400485 0.047273 0.063107
23 0.880000 0.398058 0.043636 0.077670
24 0.089091 0.565534 0.054545 0.063107
25 0.225455 0.567961 0.050909 0.058252
26 0.354545 0.550971 0.047273 0.072816
27 0.472727 0.563107 0.043636 0.058252
28 0.583636 0.541262 0.047273 0.082524
29 0.685455 0.543689 0.054545 0.058252
30 0.796364 0.526699 0.043636 0.092233
31 0.894545 0.536408 0.043636 0.053398
32 0.083636 0.708738 0.043636 0.058252
33 0.220000 0.706311 0.047273 0.063107
34 0.360000 0.691748 0.043636 0.082524
35 0.474545 0.691748 0.040000 0.063107
36 0.590909 0.684466 0.040000 0.058252
37 0.696364 0.657767 0.047273 0.092233
38 0.809091 0.667476 0.054545 0.053398
39 0.901818 0.660194 0.043636 0.087379
40 0.076364 0.859223 0.043636 0.058252
41 0.218182 0.837379 0.050909 0.082524
42 0.356364 0.847087 0.050909 0.063107
43 0.489091 0.822816 0.054545 0.072816
