0 0.081818 0.099515 0.061818 0.063107
1 0.200000 0.104369 0.058182 0.063107
2 0.321818 0.109223 0.061818 0.072816
3 0.458182 0.099515 0.050909 0.063107
4 0.563636 0.104369 0.050909 0.063107
5 0.663636 0.099515 0.069091 0.063107
6 0.776364 0.106796 0.047273 0.067961
7 0.876364 0.101942 0.050909 0.067961
8 0.072727 0.228155 0.065455 0.077670
9 0.196364 0.211165 0.050909 0.082524
10 0.327273 0.203883 0.058182 0.077670
11 0.456364 0.223301 0.061818 0.058252
12 0.561818 0.220874 0.061818 0.072816
13 0.665455 0.242718 0.050909 0.087379
14 0.774545 0.240291 0.050909 0.082524
15 0.887273 0.245146 0.043636 0.101942
16 0.074545 0.359223 0.069091 0.077670
17 0.200000 0.359223 0.065455 0.077670
18 0.320000 0.349515 0.058182 0.058252
19 0.458182 0.349515 0.050909 0.067961
20 0.569091 0.349515 0.047273 0.067961
21 0.667273 0.347087 0.047273 0.063107
22 0.780000 0.349515 0.047273 0.067961
23 0.889091 0.349515 0.047273 0.058252
24 0.058182 0.487864 0.050909 0.082524
25 0.180000 0.492718 0.054545 0.053398
26 0.323636 0.473301 0.050909 0.101942
27 0.449091 0.480583 0.040000 0.058252
28 0.565455 0.463592 0.047273 0.092233
29 0.658182 0.475728 0.050909 0.058252
30 0.783636 0.458738 0.054545 0.082524
31 0.898182 0.463592 0.050909 0.043689
32 0.054545 0.609223 0.043636 0.063107
33 0.174545 0.609223 0.050909 0.072816
34 0.329091 0.606796 0.047273 0.067961
35 0.449091 0.604369 0.040000 0.072816
36 0.572727 0.604369 0.040000 0.063107
37 0.674545 0.589806 0.054545 0.082524
38 0.790909 0.599515 0.054545 0.072816
39 0.909091 0.587379 0.050909 0.087379
40 0.049091 0.769417 0.054545 0.063107
41 0.174545 0.754854 0.058182 0.092233
42 0.334545 0.769417 0.043636 0.082524
43 0.452727 0.766990 0.047273 0.077670
