0 0.094545 0.118932 0.043636 0.063107
1 0.205455 0.114078 0.040000 0.063107
2 0.332727 0.109223 0.047273 0.063107
3 0.434545 0.109223 0.047273 0.063107
4 0.549091 0.109223 0.050909 0.053398
5 0.669091 0.104369 0.050909 0.063107
6 0.776364 0.101942 0.040000 0.058252
7 0.887273 0.101942 0.043636 0.058252
8 0.081818 0.266990 0.054545 0.058252
9 0.201818 0.257282 0.047273 0.077670
10 0.321818 0.252427 0.047273 0.087379
11 0.440000 0.271845 0.058182 0.077670
12 0.549091 0.279126 0.058182 0.092233
13 0.665455 0.286408 0.050909 0.097087
14 0.780000 0.288835 0.047273 0.101942
15 0.889091 0.271845 0.047273 0.097087
16 0.081818 0.432039 0.054545 0.067961
17 0.198182 0.427184 0.061818 0.077670
18 0.318182 0.422330 0.054545 0.067961
19 0.438182 0.419903 0.047273 0.063107
20 0.543636 0.422330 0.047273 0.058252
21 0.667273 0.422330 0.047273 0.058252
22 0.778182 0.427184 0.043636 0.067961
23 0.900000 0.415049 0.040000 0.063107
24 0.067273 0.575243 0.047273 0.063107
25 0.198182 0.577670 0.047273 0.058252
26 0.312727 0.555825 0.043636 0.101942
27 0.438182 0.570388 0.047273 0.063107
28 0.545455 0.550971 0.043636 0.082524
29 0.661818 0.565534 0.050909 0.063107
30 0.789091 0.541262 0.050909 0.092233
31 0.903636 0.558252 0.047273 0.058252
32 0.058182 0.740291 0.050909 0.072816
33 0.183636 0.735437 0.047273 0.063107
34 0.314545 0.737864 0.047273 0.077670
35 0.440000 0.737864 0.050909 0.067961
36 0.554545 0.730583 0.047273 0.063107
37 0.670909 0.723301 0.047273 0.097087
38 0.792727 0.733010 0.050909 0.067961
39 0.901818 0.723301 0.058182 0.087379
40 0.056364 0.905340 0.047273 0.063107
41 0.170909 0.878641 0.050909 0.087379
42 0.301818 0.900485 0.043636 0.063107
43 0.440000 0.885922 0.043636 0.063107
