0 0.080000 0.087379 0.043636 0.058252
1 0.223636 0.094660 0.047273 0.053398
2 0.347273 0.094660 0.054545 0.063107
3 0.450909 0.092233 0.043636 0.058252
4 0.550909 0.097087 0.047273 0.058252
5 0.650909 0.094660 0.050909 0.053398
6 0.769091 0.097087 0.040000 0.058252
7 0.883636 0.094660 0.036364 0.053398
8 0.070909 0.225728 0.040000 0.063107
9 0.218182 0.228155 0.043636 0.067961
10 0.354545 0.216019 0.047273 0.072816
11 0.458182 0.235437 0.043636 0.053398
12 0.552727 0.247573 0.058182 0.067961
13 0.649091 0.247573 0.040000 0.067961
14 0.774545 0.250000 0.043636 0.063107
15 0.892727 0.247573 0.040000 0.077670
16 0.067273 0.395631 0.047273 0.063107
17 0.218182 0.390777 0.043636 0.063107
18 0.349091 0.398058 0.043636 0.058252
19 0.458182 0.395631 0.043636 0.043689
20 0.560000 0.395631 0.043636 0.053398
21 0.656364 0.390777 0.040000 0.043689
22 0.774545 0.395631 0.043636 0.063107
23 0.896364 0.390777 0.040000 0.053398
24 0.061818 0.550971 0.043636 0.063107
25 0.214545 0.553398 0.043636 0.048544
26 0.352727 0.541262 0.043636 0.072816
27 0.469091 0.558252 0.043636 0.058252
28 0.572727 0.546117 0.047273 0.082524
29 0.674545 0.553398 0.047273 0.048544
30 0.787273 0.536408 0.047273 0.072816
31 0.907273 0.550971 0.040000 0.053398
32 0.047273 0.682039 0.036364 0.053398
33 0.205455 0.684466 0.040000 0.048544
34 0.350909 0.684466 0.047273 0.048544
35 0.467273 0.689320 0.040000 0.058252
36 0.578182 0.686893 0.043636 0.053398
37 0.678182 0.665049 0.054545 0.087379
38 0.798182 0.679612 0.047273 0.048544
39 0.918182 0.672330 0.047273 0.072816
40 0.036364 0.842233 0.043636 0.043689
41 0.205455 0.837379 0.047273 0.082524
42 0.347273 0.851942 0.047273 0.053398
43 0.472727 0.849515 0.043636 0.067961
