0 0.081818 0.104369 0.040000 0.053398
1 0.207273 0.106796 0.043636 0.048544
2 0.332727 0.104369 0.047273 0.053398
3 0.456364 0.104369 0.040000 0.043689
4 0.569091 0.106796 0.040000 0.048544
5 0.670909 0.099515 0.040000 0.043689
6 0.752727 0.104369 0.036364 0.053398
7 0.847273 0.106796 0.036364 0.058252
8 0.078182 0.233010 0.040000 0.058252
9 0.210909 0.228155 0.043636 0.067961
10 0.347273 0.220874 0.047273 0.063107
11 0.472727 0.230583 0.050909 0.053398
12 0.590909 0.237864 0.047273 0.077670
13 0.700000 0.235437 0.040000 0.072816
14 0.794545 0.237864 0.032727 0.067961
15 0.889091 0.235437 0.047273 0.082524
16 0.081818 0.398058 0.054545 0.058252
17 0.214545 0.385922 0.043636 0.063107
18 0.350909 0.385922 0.054545 0.053398
19 0.478182 0.381068 0.032727 0.053398
20 0.594545 0.385922 0.047273 0.053398
21 0.703636 0.371359 0.040000 0.053398
22 0.805455 0.378641 0.040000 0.058252
23 0.898182 0.373786 0.036364 0.058252
24 0.074545 0.555825 0.047273 0.053398
25 0.216364 0.553398 0.047273 0.048544
26 0.354545 0.536408 0.040000 0.063107
27 0.483636 0.550971 0.043636 0.053398
28 0.592727 0.533981 0.036364 0.067961
29 0.709091 0.531553 0.043636 0.053398
30 0.812727 0.516990 0.040000 0.082524
31 0.914545 0.529126 0.040000 0.048544
32 0.070909 0.708738 0.040000 0.058252
33 0.209091 0.706311 0.040000 0.053398
34 0.352727 0.696602 0.043636 0.072816
35 0.478182 0.699029 0.047273 0.048544
36 0.589091 0.699029 0.036364 0.058252
37 0.703636 0.682039 0.040000 0.072816
38 0.823636 0.689320 0.040000 0.058252
39 0.918182 0.669903 0.047273 0.087379
40 0.072727 0.878641 0.043636 0.058252
41 0.210909 0.868932 0.050909 0.077670
42 0.347273 0.883495 0.047273 0.067961
43 0.480000 0.868932 0.043636 0.058252
