0 0.101818 0.087379 0.036364 0.058252
1 0.221818 0.075243 0.036364 0.063107
2 0.334545 0.075243 0.043636 0.063107
3 0.449091 0.077670 0.040000 0.058252
4 0.558182 0.075243 0.047273 0.053398
5 0.690909 0.072816 0.050909 0.048544
6 0.803636 0.070388 0.043636 0.063107
7 0.914545 0.077670 0.040000 0.058252
8 0.092727 0.233010 0.047273 0.058252
9 0.220000 0.228155 0.040000 0.067961
10 0.343636 0.211165 0.047273 0.063107
11 0.450909 0.223301 0.050909 0.048544
12 0.565455 0.230583 0.047273 0.072816
13 0.692727 0.233010 0.047273 0.067961
14 0.805455 0.237864 0.040000 0.077670
15 0.921818 0.230583 0.047273 0.082524
16 0.096364 0.388350 0.047273 0.048544
17 0.218182 0.388350 0.058182 0.048544
18 0.347273 0.383495 0.047273 0.058252
19 0.461818 0.378641 0.043636 0.048544
20 0.572727 0.383495 0.047273 0.058252
21 0.692727 0.383495 0.040000 0.058252
22 0.810909 0.376214 0.043636 0.053398
23 0.930909 0.371359 0.043636 0.053398
24 0.083636 0.538835 0.043636 0.058252
25 0.205455 0.533981 0.040000 0.058252
26 0.340000 0.521845 0.047273 0.063107
27 0.461818 0.531553 0.050909 0.053398
28 0.574545 0.521845 0.050909 0.063107
29 0.692727 0.526699 0.047273 0.063107
30 0.821818 0.509709 0.043636 0.077670
31 0.940000 0.526699 0.040000 0.053398
32 0.074545 0.677184 0.054545 0.063107
33 0.203636 0.677184 0.050909 0.063107
34 0.343636 0.677184 0.047273 0.063107
35 0.463636 0.682039 0.047273 0.063107
36 0.578182 0.684466 0.043636 0.048544
37 0.689091 0.677184 0.040000 0.063107
38 0.823636 0.689320 0.047273 0.058252
39 0.938182 0.686893 0.043636 0.082524
40 0.065455 0.830097 0.036364 0.067961
41 0.203636 0.825243 0.036364 0.077670
42 0.343636 0.839806 0.040000 0.058252
43 0.469091 0.839806 0.043636 0.067961
