0 0.081818 0.109223 0.047273 0.063107
1 0.209091 0.104369 0.047273 0.053398
2 0.356364 0.109223 0.050909 0.053398
3 0.472727 0.106796 0.036364 0.058252
4 0.576364 0.114078 0.047273 0.063107
5 0.694545 0.121359 0.043636 0.058252
6 0.803636 0.114078 0.036364 0.053398
7 0.903636 0.116505 0.040000 0.058252
8 0.078182 0.254854 0.040000 0.082524
9 0.212727 0.245146 0.047273 0.082524
10 0.358182 0.250000 0.047273 0.072816
11 0.478182 0.254854 0.047273 0.063107
12 0.583636 0.269417 0.054545 0.072816
13 0.696364 0.269417 0.032727 0.072816
14 0.807273 0.271845 0.036364 0.067961
15 0.912727 0.276699 0.043636 0.097087
16 0.074545 0.434466 0.047273 0.053398
17 0.209091 0.439320 0.054545 0.063107
18 0.354545 0.434466 0.047273 0.063107
19 0.481818 0.427184 0.040000 0.048544
20 0.594545 0.427184 0.047273 0.067961
21 0.703636 0.417476 0.047273 0.077670
22 0.814545 0.424757 0.050909 0.063107
23 0.920000 0.415049 0.043636 0.082524
24 0.070909 0.587379 0.047273 0.058252
25 0.203636 0.582524 0.043636 0.058252
26 0.360000 0.575243 0.043636 0.072816
27 0.481818 0.575243 0.040000 0.053398
28 0.590909 0.558252 0.040000 0.067961
29 0.707273 0.572816 0.040000 0.058252
30 0.807273 0.555825 0.050909 0.082524
31 0.923636 0.558252 0.043636 0.058252
32 0.069091 0.737864 0.043636 0.067961
33 0.201818 0.730583 0.047273 0.063107
34 0.365455 0.725728 0.040000 0.063107
35 0.489091 0.730583 0.040000 0.063107
36 0.594545 0.725728 0.040000 0.072816
37 0.709091 0.711165 0.043636 0.072816
38 0.829091 0.713592 0.050909 0.058252
39 0.925455 0.713592 0.054545 0.077670
40 0.063636 0.895631 0.047273 0.063107
41 0.201818 0.883495 0.054545 0.087379
42 0.360000 0.893204 0.050909 0.067961
43 0.489091 0.888350 0.040000 0.077670
