0 0.063636 0.075243 0.047273 0.063107
1 0.183636 0.082524 0.047273 0.067961
2 0.312727 0.082524 0.058182 0.067961
3 0.438182 0.080097 0.047273 0.063107
4 0.549091 0.084951 0.058182 0.063107
5 0.660000 0.082524 0.061818 0.067961
6 0.772727 0.082524 0.054545 0.058252
7 0.896364 0.082524 0.054545 0.067961
8 0.067273 0.199029 0.054545 0.058252
9 0.187273 0.194175 0.047273 0.067961
10 0.318182 0.199029 0.061818 0.077670
11 0.436364 0.208738 0.058182 0.067961
12 0.547273 0.211165 0.047273 0.072816
13 0.665455 0.220874 0.043636 0.082524
14 0.781818 0.233010 0.050909 0.097087
15 0.910909 0.230583 0.047273 0.101942
16 0.058182 0.342233 0.058182 0.063107
17 0.183636 0.339806 0.061818 0.067961
18 0.321818 0.344660 0.054545 0.067961
19 0.441818 0.354369 0.054545 0.067961
20 0.556364 0.361650 0.043636 0.063107
21 0.670909 0.361650 0.040000 0.063107
22 0.789091 0.359223 0.050909 0.058252
23 0.923636 0.366505 0.050909 0.082524
24 0.056364 0.492718 0.047273 0.072816
25 0.183636 0.492718 0.047273 0.072816
26 0.318182 0.478155 0.054545 0.072816
27 0.440000 0.487864 0.043636 0.053398
28 0.560000 0.473301 0.050909 0.082524
29 0.674545 0.480583 0.047273 0.067961
30 0.796364 0.478155 0.050909 0.082524
31 0.930909 0.485437 0.050909 0.067961
32 0.047273 0.645631 0.043636 0.067961
33 0.180000 0.635922 0.047273 0.067961
34 0.316364 0.643204 0.043636 0.072816
35 0.443636 0.645631 0.043636 0.058252
36 0.563636 0.645631 0.043636 0.067961
37 0.685455 0.643204 0.047273 0.082524
38 0.810909 0.650485 0.058182 0.067961
39 0.941818 0.645631 0.043636 0.087379
40 0.036364 0.808252 0.043636 0.072816
41 0.172727 0.798544 0.054545 0.082524
42 0.307273 0.808252 0.047273 0.072816
43 0.443636 0.808252 0.050909 0.072816
