0 0.060937 0.276971 0.053125 0.080913
1 0.139063 0.278008 0.056250 0.078838
2 0.225781 0.278008 0.064062 0.078838
3 0.302344 0.278008 0.051562 0.078838
4 0.382031 0.280083 0.057813 0.087137
5 0.469531 0.279046 0.064062 0.076763
6 0.550000 0.281120 0.046875 0.089212
7 0.621094 0.275934 0.051562 0.078838
8 0.701562 0.278008 0.056250 0.074689
9 0.781250 0.279046 0.053125 0.080913
10 0.864062 0.276971 0.056250 0.080913
11 0.067969 0.452282 0.067187 0.074689
12 0.160938 0.464730 0.065625 0.103734
13 0.250781 0.463693 0.060937 0.109959
14 0.335938 0.466805 0.059375 0.107884
15 0.414844 0.465768 0.051562 0.105809
16 0.503906 0.452282 0.064062 0.087137
17 0.597656 0.452282 0.073438 0.087137
18 0.693750 0.452282 0.075000 0.082988
19 0.782813 0.452282 0.059375 0.070539
20 0.862500 0.453320 0.062500 0.080913
21 0.942187 0.451245 0.056250 0.076763
22 0.064062 0.625519 0.065625 0.080913
23 0.142969 0.626556 0.057813 0.078838
24 0.225000 0.626556 0.065625 0.078838
25 0.310156 0.626556 0.060937 0.078838
26 0.394531 0.607884 0.060937 0.116183
27 0.473438 0.626556 0.059375 0.078838
28 0.553906 0.605809 0.057813 0.116183
29 0.642188 0.625519 0.071875 0.085062
30 0.732812 0.604772 0.062500 0.118257
31 0.818750 0.626556 0.056250 0.078838
32 0.900781 0.628631 0.060937 0.078838
33 0.057813 0.800830 0.056250 0.087137
34 0.132031 0.798755 0.048438 0.078838
35 0.207813 0.801867 0.056250 0.080913
36 0.285156 0.800830 0.054688 0.082988
37 0.359375 0.800830 0.059375 0.082988
38 0.442969 0.802905 0.064062 0.078838
39 0.524219 0.800830 0.060937 0.082988
40 0.608594 0.799793 0.067187 0.076763
41 0.699219 0.802905 0.070312 0.087137
42 0.787500 0.800830 0.050000 0.074689
43 0.861719 0.800830 0.051562 0.078838
