0 0.172078 0.058621 0.061039 0.112644
1 0.261688 0.060920 0.058442 0.117241
2 0.359091 0.062069 0.058442 0.114943
3 0.445455 0.062069 0.057143 0.114943
4 0.553247 0.062069 0.059740 0.119540
5 0.662987 0.062069 0.076623 0.119540
6 0.752597 0.062069 0.061039 0.114943
7 0.838312 0.063218 0.068831 0.117241
8 0.172727 0.231034 0.064935 0.121839
9 0.261688 0.233333 0.061039 0.131034
10 0.359091 0.234483 0.063636 0.133333
11 0.447403 0.232184 0.081818 0.124138
12 0.553896 0.251724 0.087013 0.158621
13 0.659091 0.262069 0.071429 0.183908
14 0.745455 0.262069 0.070130 0.179310
15 0.832468 0.265517 0.067532 0.190805
16 0.174675 0.433333 0.074026 0.117241
17 0.261688 0.434483 0.087013 0.119540
18 0.357143 0.432184 0.090909 0.114943
19 0.445455 0.434483 0.057143 0.119540
20 0.553247 0.429885 0.064935 0.114943
21 0.658442 0.434483 0.059740 0.119540
22 0.746104 0.431034 0.063636 0.117241
23 0.833117 0.436782 0.055844 0.119540
24 0.172078 0.601149 0.071429 0.117241
25 0.261688 0.605747 0.066234 0.126437
26 0.360390 0.582759 0.066234 0.167816
27 0.445455 0.606897 0.054545 0.114943
28 0.553247 0.581609 0.062338 0.160920
29 0.659740 0.603448 0.075325 0.117241
30 0.747403 0.580460 0.063636 0.163218
31 0.835065 0.600000 0.067532 0.128736
32 0.173377 0.755172 0.066234 0.126437
33 0.261688 0.756322 0.061039 0.124138
34 0.355844 0.755172 0.054545 0.121839
35 0.447403 0.752874 0.066234 0.126437
36 0.555195 0.750575 0.061039 0.121839
37 0.657792 0.744828 0.061039 0.137931
38 0.742857 0.755172 0.077922 0.131034
39 0.833117 0.745977 0.058442 0.135632
40 0.173377 0.940230 0.066234 0.119540
41 0.264286 0.920690 0.068831 0.158621
42 0.360390 0.943678 0.061039 0.112644
43 0.444805 0.941379 0.055844 0.117241
