0 0.182540 0.232210 0.079365 0.052434
1 0.312169 0.234082 0.074074 0.048689
2 0.439153 0.234082 0.074074 0.056180
3 0.563492 0.230337 0.079365 0.048689
4 0.687831 0.234082 0.074074 0.048689
5 0.814815 0.234082 0.074074 0.048689
6 0.187831 0.320225 0.068783 0.048689
7 0.309524 0.322097 0.068783 0.059925
8 0.436508 0.322097 0.079365 0.044944
9 0.566138 0.318352 0.074074 0.052434
10 0.690476 0.320225 0.079365 0.048689
11 0.812169 0.322097 0.079365 0.052434
12 0.185185 0.410112 0.084656 0.063670
13 0.309524 0.415730 0.079365 0.059925
14 0.431217 0.411985 0.068783 0.059925
15 0.563492 0.411985 0.058201 0.059925
16 0.687831 0.408240 0.074074 0.052434
17 0.814815 0.408240 0.074074 0.052434
18 0.185185 0.496255 0.084656 0.056180
19 0.314815 0.498127 0.089947 0.059925
20 0.433862 0.498127 0.063492 0.052434
21 0.560847 0.498127 0.074074 0.052434
22 0.687831 0.498127 0.084656 0.052434
23 0.809524 0.498127 0.063492 0.052434
24 0.187831 0.580524 0.079365 0.044944
25 0.309524 0.582397 0.068783 0.048689
26 0.439153 0.582397 0.063492 0.056180
27 0.560847 0.582397 0.063492 0.056180
28 0.687831 0.582397 0.063492 0.071161
29 0.817460 0.582397 0.068783 0.048689
30 0.187831 0.666667 0.068783 0.052434
31 0.309524 0.670412 0.068783 0.052434
32 0.436508 0.672285 0.058201 0.056180
33 0.563492 0.670412 0.068783 0.052434
34 0.690476 0.674157 0.079365 0.059925
35 0.814815 0.670412 0.074074 0.052434
36 0.185185 0.756554 0.074074 0.044944
37 0.309524 0.754682 0.079365 0.048689
38 0.439153 0.758427 0.074074 0.048689
39 0.568783 0.754682 0.068783 0.056180
40 0.687831 0.756554 0.074074 0.044944
41 0.814815 0.758427 0.074074 0.056180
42 0.187831 0.844569 0.068783 0.048689
43 0.309524 0.844569 0.068783 0.048689
