0 0.095128 0.285924 0.051044 0.067449
1 0.184455 0.287390 0.044084 0.064516
2 0.277262 0.285924 0.053364 0.061584
3 0.364269 0.285924 0.046404 0.061584
4 0.459397 0.285924 0.055684 0.055718
5 0.554524 0.287390 0.055684 0.058651
6 0.643852 0.287390 0.053364 0.064516
7 0.728538 0.285924 0.060325 0.067449
8 0.819026 0.285924 0.055684 0.061584
9 0.908353 0.281525 0.058005 0.070381
10 0.066125 0.410557 0.053364 0.064516
11 0.160093 0.417889 0.060325 0.067449
12 0.261021 0.422287 0.058005 0.076246
13 0.359629 0.425220 0.051044 0.076246
14 0.451276 0.428152 0.058005 0.082111
15 0.541763 0.426686 0.053364 0.085044
16 0.639211 0.419355 0.062645 0.064516
17 0.741299 0.419355 0.067285 0.064516
18 0.844548 0.414956 0.060325 0.061584
19 0.939675 0.416422 0.046404 0.058651
20 0.081206 0.551320 0.046404 0.064516
21 0.172854 0.546921 0.048724 0.061584
22 0.266821 0.549853 0.051044 0.061584
23 0.359629 0.549853 0.046404 0.067449
24 0.450116 0.548387 0.055684 0.064516
25 0.547564 0.548387 0.060325 0.064516
26 0.641531 0.541056 0.048724 0.079179
27 0.732019 0.549853 0.048724 0.067449
28 0.821346 0.543988 0.055684 0.079179
29 0.919954 0.548387 0.048724 0.064516
30 0.093968 0.675953 0.048724 0.073314
31 0.187935 0.684751 0.051044 0.061584
32 0.278422 0.684751 0.055684 0.061584
33 0.370070 0.687683 0.053364 0.067449
34 0.458237 0.683284 0.053364 0.064516
35 0.546404 0.683284 0.048724 0.064516
36 0.634571 0.683284 0.048724 0.064516
37 0.721578 0.681818 0.051044 0.061584
38 0.819026 0.684751 0.060325 0.067449
39 0.912993 0.680352 0.044084 0.070381
40 0.361949 0.812317 0.046404 0.070381
41 0.458237 0.813783 0.053364 0.079179
42 0.551044 0.818182 0.053364 0.076246
43 0.640371 0.812317 0.051044 0.082111
