0 0.183438 0.145417 0.065625 0.115833
1 0.282813 0.137917 0.070625 0.115833
2 0.390313 0.127500 0.078125 0.116667
3 0.486875 0.124167 0.061250 0.115000
4 0.573125 0.105833 0.062500 0.116667
5 0.672500 0.108333 0.071250 0.101667
6 0.742188 0.104583 0.048125 0.100833
7 0.847500 0.106250 0.057500 0.129167
8 0.179375 0.297083 0.057500 0.107500
9 0.275000 0.281250 0.061250 0.092500
10 0.383437 0.275417 0.064375 0.102500
11 0.481250 0.279167 0.077500 0.108333
12 0.584063 0.267917 0.081875 0.165833
13 0.676562 0.253750 0.059375 0.155833
14 0.754375 0.243750 0.061250 0.157500
15 0.841875 0.268750 0.077500 0.159167
16 0.185000 0.431250 0.092500 0.102500
17 0.291563 0.411250 0.080625 0.105833
18 0.396250 0.390000 0.083750 0.111667
19 0.480000 0.398750 0.057500 0.102500
20 0.560312 0.403750 0.058125 0.104167
21 0.657500 0.405833 0.048750 0.131667
22 0.739062 0.411667 0.059375 0.106667
23 0.833125 0.429583 0.052500 0.119167
24 0.175000 0.563750 0.070000 0.119167
25 0.265313 0.562500 0.061875 0.095000
26 0.370625 0.535417 0.053750 0.140833
27 0.470313 0.555417 0.071875 0.109167
28 0.553125 0.543750 0.060000 0.167500
29 0.656563 0.561667 0.071875 0.095000
30 0.740313 0.547500 0.054375 0.138333
31 0.833750 0.567917 0.080000 0.135833
32 0.168437 0.705417 0.070625 0.119167
33 0.260937 0.714167 0.070625 0.131667
34 0.355938 0.697917 0.051875 0.125833
35 0.447813 0.721250 0.069375 0.150833
36 0.541562 0.711250 0.059375 0.124167
37 0.663750 0.699583 0.097500 0.152500
38 0.768750 0.690417 0.085000 0.119167
39 0.873125 0.722083 0.081250 0.139167
40 0.149688 0.877917 0.055625 0.102500
41 0.255937 0.868333 0.081875 0.140000
42 0.358125 0.872917 0.078750 0.170833
43 0.464062 0.890833 0.078125 0.160000
